--ZERO
1,1,1,1,0,1,1,0,1,1,0,1,1,1,1,
1,1,1,1,0,1,1,0,1,1,0,1,1,1,1,
1,1,1,1,0,1,1,0,1,1,0,1,1,1,1,
1,1,1,1,0,1,1,0,1,1,0,1,1,1,1
1,1,1,1,0,1,1,0,1,1,0,1,1,1,1

----output
1,0,0,0,0,0,0,0,0,0

--ONE
0,0,1,1,1,1,1,0,1,0,0,1,0,0,1,
0,0,1,0,1,1,1,1,1,1,0,1,0,0,1,
0,0,1,1,1,1,1,1,1,0,0,1,0,0,1
0,0,1,1,1,1,1,0,1,0,0,1,0,0,1,
0,1,1,1,1,1,1,0,1,0,0,1,0,0,1

----output
0,1,0,0,0,0,0,0,0,0

--TWO
1,1,1,0,1,1,0,1,0,1,1,0,1,1,1
1,1,1,1,0,1,0,0,1,0,1,1,1,1,1
1,1,1,0,0,1,0,0,1,0,1,1,1,1,1,
1,1,1,0,0,1,0,0,1,0,1,1,1,1,1,
1,1,1,0,0,1,0,1,1,1,1,0,1,1,1

----output
0,0,1,0,0,0,0,0,0,0

--THREE
1,1,1,0,1,1,0,1,1,0,0,1,1,1,1,
1,1,1,0,0,1,1,1,1,1,1,0,1,1,0,
1,1,1,0,0,1,1,1,1,0,1,1,1,1,0,
1,1,1,0,1,1,1,1,1,0,0,1,1,1,1
1,1,1,0,1,1,1,1,1,0,0,1,1,1,1,

----output
0,0,0,3,0,0,0,0,0,0

--FOUR
1,1,0,1,1,1,1,1,1,0,0,1,0,0,1,
1,1,0,1,1,1,1,1,1,1,1,1,0,0,1,
1,1,1,1,0,1,1,1,1,1,1,1,0,0,1,
1,0,1,1,0,1,1,1,1,1,1,1,0,0,1,
1,1,1,1,1,1,1,1,1,0,0,1,0,0,1,
1,1,1,1,0,1,1,1,1,0,0,1,0,0,1

----output
0,0,0,0,1,0,0,0,0,0

--FIVE
1,1,1,1,1,0,1,1,1,0,0,1,1,1,1,
1,1,1,1,0,0,1,1,1,0,0,1,1,1,1,
1,1,1,1,1,1,1,1,1,0,0,1,1,1,1,
1,1,0,1,1,0,1,1,1,0,0,1,1,1,1
1,1,1,1,1,0,1,1,1,0,0,1,1,1,1,
1,1,1,1,0,0,1,1,1,0,0,1,1,1,1,

----output
0,0,0,0,0,5,0,0,0,0

--SIX
1,1,1,1,0,0,1,0,0,1,1,1,1,1,1
1,1,1,1,0,0,1,0,0,1,1,1,1,1,1
1,1,1,1,1,0,1,1,1,1,1,1,1,1,1,
1,1,1,1,0,0,1,0,0,1,1,1,1,1,1,
1,1,1,1,0,0,1,1,1,1,1,1,1,1,1,

----output
0,0,0,0,0,0,1,0,0,0

--SEVEN
1,1,1,0,0,1,0,0,1,0,0,1,0,0,1,
1,1,1,0,1,1,0,1,0,1,1,0,1,1,0,
1,1,1,0,1,1,0,1,1,0,1,0,0,1,0,
1,1,1,0,1,1,1,1,1,0,1,0,0,1,0,
1,1,1,0,0,1,0,1,1,1,1,0,1,1,0,
1,1,1,0,0,1,0,0,1,0,0,1,0,0,1,

----output
0,0,0,0,0,0,0,1,0,0

--EIGHT
1,1,1,1,1,1,1,1,1,1,0,1,1,1,1,
1,1,1,1,1,1,1,1,1,1,0,1,1,1,1,
1,1,1,1,1,1,1,1,1,1,0,1,1,1,1,
1,1,1,1,1,1,1,1,1,1,0,1,1,1,1,
1,1,1,1,0,1,1,1,1,1,0,1,1,1,1,
1,1,1,1,0,1,1,1,1,1,1,1,1,1,1,
1,1,1,1,1,1,1,1,1,1,0,1,1,1,1

----output
0,0,0,0,0,0,0,0,1,0

--NINE
1,1,1,1,1,1,0,1,1,0,0,1,0,0,1
1,1,1,1,0,1,1,1,1,0,0,1,0,0,1
1,1,1,1,0,1,1,1,1,0,0,1,0,0,1
1,1,1,1,0,1,1,1,1,0,0,1,0,0,1
1,1,1,1,0,1,1,1,1,0,0,1,0,0,1,
1,1,1,1,0,1,1,1,1,0,0,1,0,0,1
1,1,1,1,0,1,1,1,1,0,0,1,0,0,1

----output
0,0,0,0,0,0,0,0,0,1
